,Text,Good A,Good B,Good C,Good D,Good E
0,"{
""Good A"": ""Person 1"",
""Good B"": ""Person 3"",
""Good C"": ""Person 2"",
""Good D"": ""Person 2"",
""Good E"": ""Person 3""
}",1,3,2,2,3
1,"{
""Good A"": ""Person 1"",
""Good B"": ""Person 2"",
""Good C"": ""Person 3"",
""Good D"": ""Person 2"",
""Good E"": ""Person 3""
}",1,2,3,2,3
2,"{
""Good A"": ""Person 1"",
""Good B"": ""Person 2"",
""Good C"": ""Person 3"",
""Good D"": ""Person 2"",
""Good E"": ""Person 3""
}",1,2,3,2,3
3,"{
""Good A"": ""Person 1"",
 ""Good B"": ""Person 2"",
 ""Good C"": ""Person 3"",
 ""Good D"": ""Person 2"",
 ""Good E"": ""Person 3""
}",2,3,3,1,3
4,"{
""Good A"": ""Person 1"",
""Good B"": ""Person 2"",
""Good C"": ""Person 3"",
""Good D"": ""Person 3"",
""Good E"": ""Person 2""
}",1,2,3,3,2
5,"{
""Good A"": ""Person 1"",
""Good B"": ""Person 2"",
""Good C"": ""Person 3"",
""Good D"": ""Person 2"",
""Good E"": ""Person 3""
}",1,2,3,2,3
6,"{
""Good A"": ""Person 1"",
""Good B"": ""Person 3"",
""Good C"": ""Person 3"",
""Good D"": ""Person 2"",
""Good E"": ""Person 2""
}",1,3,3,2,2
7,"{
""Good A"": ""Person 1"",
""Good B"": ""Person 3"",
""Good C"": ""Person 3"",
""Good D"": ""Person 2"",
""Good E"": ""Person 2""
}",1,2,2,3,3
8,"{
""Good A"": ""Person 1"",
""Good B"": ""Person 3"",
""Good C"": ""Person 3"",
""Good D"": ""Person 1"",
""Good E"": ""Person 2""
}",1,3,3,2,2
9,"{
""Good A"": ""Person 1"",
""Good B"": ""Person 2"",
""Good C"": ""Person 3"",
""Good D"": ""Person 2"",
""Good E"": ""Person 3""
}",1,2,3,2,3
10,"{
""Good A"": ""Person 1"",
""Good B"": ""Person 3"",
""Good C"": ""Person 3"",
""Good D"": ""Person 3"",
""Good E"": ""Person 3""
}",1,2,3,2,2
11,"{
""Good A"": ""Person 1"",
""Good B"": ""Person 2"",
""Good C"": ""Person 3"",
""Good D"": ""Person 1"",
""Good E"": ""Person 2""
}",1,2,3,1,2
12,"{
""Good A"": ""Person 1"",
""Good B"": ""Person 2"",
""Good C"": ""Person 3"",
""Good D"": ""Person 2"",
""Good E"": ""Person 3""
}",1,2,3,2,3
13,"{
""Good A"": ""Person 1"",
""Good B"": ""Person 3"",
""Good C"": ""Person 2"",
""Good D"": ""Person 2"",
""Good E"": ""Person 2""
}",3,2,2,2,2
14,"{
""Good A"": ""Person 1"",
""Good B"": ""Person 2"",
""Good C"": ""Person 3"",
""Good D"": ""Person 2"",
""Good E"": ""Person 3""
}",1,2,3,2,3
15,"{
""Good A"": ""Person 1"",
""Good B"": ""Person 2"",
""Good C"": ""Person 3"",
""Good D"": ""Person 2"",
""Good E"": ""Person 2""
}",1,3,3,2,2
16,"{
""Good A"": ""Person 1"",
""Good B"": ""Person 2"",
""Good C"": ""Person 3"",
""Good D"": ""Person 2"",
""Good E"": ""Person 3""
}",1,2,3,2,3
17,"{
""Good A"": ""Person 1"",
""Good B"": ""Person 3"",
""Good C"": ""Person 3"",
""Good D"": ""Person 2"",
""Good E"": ""Person 2""
}",1,2,3,2,3
18,"{
""Good A"": ""Person 1"",
""Good B"": ""Person 3"",
""Good C"": ""Person 3"",
""Good D"": ""Person 2"",
""Good E"": ""Person 2""
}",1,3,3,2,2
19,"{
""Good A"": ""Person 1"",
""Good B"": ""Person 3"",
""Good C"": ""Person 3"",
""Good D"": ""Person 2"",
""Good E"": ""Person 2""
}",1,2,3,2,3
20,"{
""Good A"": ""Person 2"",
""Good B"": ""Person 3"",
""Good C"": ""Person 3"",
""Good D"": ""Person 2"",
""Good E"": ""Person 2""
}",1,2,3,2,2
21,"{
""Good A"": ""Person 1"",
""Good B"": ""Person 2"",
""Good C"": ""Person 3"",
""Good D"": ""Person 2"",
""Good E"": ""Person 3""
}",1,3,2,2,3
22,"{
""Good A"": ""Person 1"",
""Good B"": ""Person 2"",
""Good C"": ""Person 3"",
""Good D"": ""Person 2"",
""Good E"": ""Person 3""
}",1,2,3,2,3
23,"{
""Good A"": ""Person 1"",
""Good B"": ""Person 2"",
""Good C"": ""Person 3"",
""Good D"": ""Person 2"",
""Good E"": ""Person 3""
}",1,3,2,3,2
24,"{
""Good A"": ""Person 1"",
""Good B"": ""Person 2"",
""Good C"": ""Person 3"",
""Good D"": ""Person 2"",
""Good E"": ""Person 2""
}",1,2,3,2,2
25,"{
""Good A"": ""Person 1"",
""Good B"": ""Person 2"",
""Good C"": ""Person 3"",
""Good D"": ""Person 2"",
""Good E"": ""Person 3""
}",1,3,2,2,3
26,"{
""Good A"": ""Person 1"",
""Good B"": ""Person 3"",
""Good C"": ""Person 3"",
""Good D"": ""Person 1"",
""Good E"": ""Person 3""
}",1,3,3,2,2
27,"{
""Good A"": ""Person 1"",
""Good B"": ""Person 2"",
""Good C"": ""Person 3"",
""Good D"": ""Person 2"",
""Good E"": ""Person 3""
}",1,3,2,3,2
28,"{
""Good A"": ""Person 1"",
""Good B"": ""Person 2"",
""Good C"": ""Person 2"",
""Good D"": ""Person 3"",
""Good E"": ""Person 2""
}",1,2,3,1,3
29,"{
""Good A"": ""Person 1"",
""Good B"": ""Person 2"",
""Good C"": ""Person 3"",
""Good D"": ""Person 2"",
""Good E"": ""Person 3""
}",1,3,2,2,3
30,"{
""Good A"": ""Person 1"",
""Good B"": ""Person 2"",
""Good C"": ""Person 3"",
""Good D"": ""Person 2"",
""Good E"": ""Person 3""
}",1,2,3,2,3
31,"{
""Good A"": ""Person 1"",
""Good B"": ""Person 3"",
""Good C"": ""Person 3"",
""Good D"": ""Person 1"",
""Good E"": ""Person 3""
}",1,2,3,2,3
32,"{
""Good A"": ""Person 1"",
""Good B"": ""Person 2"",
""Good C"": ""Person 3"",
""Good D"": ""Person 2"",
""Good E"": ""Person 3""
}",1,3,2,2,3
33,"{
""Good A"": ""Person 1"",
""Good B"": ""Person 3"",
""Good C"": ""Person 2"",
""Good D"": ""Person 2"",
""Good E"": ""Person 2""
}",2,3,3,1,2
34,"{
""Good A"": ""Person 1"",
""Good B"": ""Person 2"",
""Good C"": ""Person 3"",
""Good D"": ""Person 2"",
""Good E"": ""Person 3""
}",1,3,3,2,2
35,"{
""Good A"": ""Person 1"",
""Good B"": ""Person 2"",
""Good C"": ""Person 3"",
""Good D"": ""Person 2"",
""Good E"": ""Person 2""
}",1,2,3,2,2
36,"{
""Good A"": ""Person 1"",
""Good B"": ""Person 2"",
""Good C"": ""Person 3"",
""Good D"": ""Person 2"",
""Good E"": ""Person 3""
}",1,2,3,2,3
37,"{
""Good A"": ""Person 1"",
""Good B"": ""Person 2"",
""Good C"": ""Person 3"",
""Good D"": ""Person 2"",
""Good E"": ""Person 2""
}",1,2,3,2,3
38,"{
""Good A"": ""Person 1"",
""Good B"": ""Person 2"",
""Good C"": ""Person 3"",
""Good D"": ""Person 2"",
""Good E"": ""Person 3""
}",1,3,3,2,2
39,"{
""Good A"": ""Person 1"",
""Good B"": ""Person 2"",
""Good C"": ""Person 3"",
""Good D"": ""Person 2"",
""Good E"": ""Person 3""
}",1,2,3,2,3
40,"{
""Good A"": ""Person 1"",
""Good B"": ""Person 2"",
""Good C"": ""Person 3"",
""Good D"": ""Person 2"",
""Good E"": ""Person 3""
}",1,2,3,2,3
41,"{
""Good A"": ""Person 1"",
""Good B"": ""Person 2"",
""Good C"": ""Person 3"",
""Good D"": ""Person 2"",
""Good E"": ""Person 3""
}",1,2,3,2,3
42,"{
""Good A"": ""Person 1"",
""Good B"": ""Person 2"",
""Good C"": ""Person 3"",
""Good D"": ""Person 2"",
""Good E"": ""Person 3""
}",1,2,3,2,3
43,"{
""Good A"": ""Person 1"",
""Good B"": ""Person 3"",
""Good C"": ""Person 2"",
""Good D"": ""Person 1"",
""Good E"": ""Person 3""
}",1,2,3,1,3
44,"{
""Good A"": ""Person 1"",
""Good B"": ""Person 2"",
""Good C"": ""Person 3"",
""Good D"": ""Person 2"",
""Good E"": ""Person 2""
}",1,2,2,2,2
45,"{
""Good A"": ""Person 1"",
""Good B"": ""Person 2"",
""Good C"": ""Person 3"",
""Good D"": ""Person 2"",
""Good E"": ""Person 2""
}",1,2,3,2,3
46,"{
""Good A"": ""Person 1"",
""Good B"": ""Person 2"",
""Good C"": ""Person 3"",
""Good D"": ""Person 2"",
""Good E"": ""Person 3""
}",1,3,2,2,3
47,"{
""Good A"": ""Person 2"",
""Good B"": ""Person 3"",
""Good C"": ""Person 3"",
""Good D"": ""Person 1"",
""Good E"": ""Person 2""
}",1,2,3,1,2
48,"{
""Good A"": ""Person 1"",
""Good B"": ""Person 2"",
""Good C"": ""Person 3"",
""Good D"": ""Person 2"",
""Good E"": ""Person 3""
}",1,3,3,2,2
49,"```
{
""Good A"": ""Person 1"",
""Good B"": ""Person 2"",
""Good C"": ""Person 3"",
""Good D"": ""Person 3"",
""Good E"": ""Person 2""
}
```",1,2,3,3,2
50,"{
""Good A"": ""Person 1"",
""Good B"": ""Person 2"",
""Good C"": ""Person 3"",
""Good D"": ""Person 2"",
""Good E"": ""Person 3""
}",1,2,3,2,3
51,"{
""Good A"": ""Person 2"",
""Good B"": ""Person 2"",
""Good C"": ""Person 2"",
""Good D"": ""Person 1"",
""Good E"": ""Person 3""
}",1,3,3,2,2
52,"{
""Good A"": ""Person 1"",
""Good B"": ""Person 2"",
""Good C"": ""Person 3"",
""Good D"": ""Person 2"",
""Good E"": ""Person 3""
}",1,3,3,2,2
53,"{
""Good A"": ""Person 1"",
""Good B"": ""Person 2"",
""Good C"": ""Person 3"",
""Good D"": ""Person 2"",
""Good E"": ""Person 3""
}",1,2,3,2,3
54,"{
""Good A"": ""Person 1"",
""Good B"": ""Person 3"",
""Good C"": ""Person 3"",
""Good D"": ""Person 1"",
""Good E"": ""Person 2""
}",1,3,3,1,2
55,"{
""Good A"": ""Person 1"",
""Good B"": ""Person 3"",
""Good C"": ""Person 3"",
""Good D"": ""Person 2"",
""Good E"": ""Person 2""
}",1,2,3,2,3
56,"{
""Good A"": ""Person 1"",
""Good B"": ""Person 2"",
""Good C"": ""Person 3"",
""Good D"": ""Person 2"",
""Good E"": ""Person 3""
}",1,2,3,2,3
57,"{
""Good A"": ""Person 1"",
""Good B"": ""Person 2"",
""Good C"": ""Person 3"",
""Good D"": ""Person 2"",
""Good E"": ""Person 3""
}",1,2,3,2,3
58,"{
""Good A"": ""Person 1"",
""Good B"": ""Person 2"",
""Good C"": ""Person 3"",
""Good D"": ""Person 2"",
""Good E"": ""Person 3""
}",1,3,3,2,2
59,"{
""Good A"": ""Person 1"",
""Good B"": ""Person 3"",
""Good C"": ""Person 3"",
""Good D"": ""Person 2"",
""Good E"": ""Person 2""
}",1,2,3,2,3
60,"{
""Good A"": ""Person 1"",
""Good B"": ""Person 3"",
""Good C"": ""Person 2"",
""Good D"": ""Person 2"",
""Good E"": ""Person 2""
}",1,3,2,2,2
61,"{
""Good A"": ""Person 1"",
""Good B"": ""Person 2"",
""Good C"": ""Person 3"",
""Good D"": ""Person 2"",
""Good E"": ""Person 2""
}",1,2,3,2,2
62,"{
""Good A"": ""Person 1"",
""Good B"": ""Person 3"",
""Good C"": ""Person 3"",
""Good D"": ""Person 2"",
""Good E"": ""Person 2""
}",1,2,3,2,3
63,"{
""Good A"": ""Person 2"",
""Good B"": ""Person 3"",
""Good C"": ""Person 3"",
""Good D"": ""Person 1"",
""Good E"": ""Person 3""
}",2,3,3,1,3
64,"{
""Good A"": ""Person 1"",
""Good B"": ""Person 2"",
""Good C"": ""Person 3"",
""Good D"": ""Person 2"",
""Good E"": ""Person 3""
}",1,2,3,2,3
65,"{
""Good A"": ""Person 1""
""Good B"": ""Person 2""
""Good C"": ""Person 3""
""Good D"": ""Person 2""
""Good E"": ""Person 3""
}",1,2,3,2,3
66,"{
""Good A"": ""Person 1"",
""Good B"": ""Person 2"",
""Good C"": ""Person 3"",
""Good D"": ""Person 2"",
""Good E"": ""Person 3""
}",1,2,3,2,3
67,"{
""Good A"": ""Person 1"",
""Good B"": ""Person 2"",
""Good C"": ""Person 3"",
""Good D"": ""Person 2"",
""Good E"": ""Person 3""
}",1,2,3,2,3
68,"{
""Good A"": ""Person 1"",
""Good B"": ""Person 3"",
""Good C"": ""Person 3"",
""Good D"": ""Person 1"",
""Good E"": ""Person 3""
}",1,2,3,1,3
69,"{
""Good A"": ""Person 1"",
""Good B"": ""Person 2"",
""Good C"": ""Person 3"",
""Good D"": ""Person 1"",
""Good E"": ""Person 2""
}",1,2,3,1,2
70,"{
""Good A"": ""Person 1"",
""Good B"": ""Person 3"",
""Good C"": ""Person 3"",
""Good D"": ""Person 1"",
""Good E"": ""Person 3""
}",1,3,3,2,3
71,"{
""Good A"": ""Person 1"",
""Good B"": ""Person 2"",
""Good C"": ""Person 3"",
""Good D"": ""Person 2"",
""Good E"": ""Person 3""
}",1,2,3,2,3
72,"{
""Good A"": ""Person 1"",
""Good B"": ""Person 2 or Person 3"",
""Good C"": ""Person 2 or Person 3"",
""Good D"": ""Person 2 or Person 3"",
""Good E"": ""Person 2 or Person 3""
}",1,2,3,3,3
73,"{
""Good A"": ""Person 1"",
""Good B"": ""Person 2"",
""Good C"": ""Person 3"",
""Good D"": ""Person 2"",
""Good E"": ""Person 3""
}",1,2,3,2,3
74,"{
""Good A"": ""Person 1"",
""Good B"": ""Person 3"",
""Good C"": ""Person 3"",
""Good D"": ""Person 2"",
""Good E"": ""Person 2""
}",1,3,3,2,2
75,"{
""Good A"": ""Person 1"",
""Good B"": ""Person 2"",
""Good C"": ""Person 3"",
""Good D"": ""Person 2"",
""Good E"": ""Person 3""
}",1,3,3,2,2
76,"{
""Good A"": ""Person 1"",
""Good B"": ""Person 2"",
""Good C"": ""Person 3"",
""Good D"": ""Person 1"",
""Good E"": ""Person 2""
}",1,2,3,1,2
77,"{
""Good A"": ""Person 1"",
""Good B"": ""Person 3"",
""Good C"": ""Person 3"",
""Good D"": ""Person 2"",
""Good E"": ""Person 2""
}",1,2,3,2,3
78,"{
""Good A"": ""Person 1"",
""Good B"": ""Person 2"",
""Good C"": ""Person 2"",
""Good D"": ""Person 1"",
""Good E"": ""Person 2""
}",1,2,3,1,2
79,"{
""Good A"": ""Person 1"",
""Good B"": ""Person 2"",
""Good C"": ""Person 3"",
""Good D"": ""Person 2"",
""Good E"": ""Person 3""
}",1,2,3,2,3
80,"{
""Good A"": ""Person 1"",
""Good B"": ""Person 2"",
""Good C"": ""Person 3"",
""Good D"": ""Person 2"",
""Good E"": ""Person 3""
}",1,3,3,2,2
81,"{
""Good A"": ""Person 1"",
""Good B"": ""Person 2"",
""Good C"": ""Person 3"",
""Good D"": ""Person 2"",
""Good E"": ""Person 3""
}",1,2,3,2,3
82,"{
""Good A"": ""Person 1"",
""Good B"": ""Person 2"",
""Good C"": ""Person 3"",
""Good D"": ""Person 2"",
""Good E"": ""Person 2""
}",1,2,3,2,2
83,"{
""Good A"": ""Person 1"",
""Good B"": ""Person 2"",
""Good C"": ""Person 3"",
""Good D"": ""Person 1"",
""Good E"": ""Person 2""
}",1,3,3,2,2
84,"{
""Good A"": ""Person 1"",
""Good B"": ""Person 2"",
""Good C"": ""Person 3"",
""Good D"": ""Person 1"",
""Good E"": ""Person 2""
}",1,2,3,1,2
85,"{
""Good A"": ""Person 1"",
""Good B"": ""Person 3"",
""Good C"": ""Person 3"",
""Good D"": ""Person 2"",
""Good E"": ""Person 2""
}",1,3,3,2,2
86,"{
""Good A"": ""Person 1"",
""Good B"": ""Person 3"",
""Good C"": ""Person 3"",
""Good D"": ""Person 2"",
""Good E"": ""Person 3""
}",1,2,3,2,3
87,"{
""Good A"": ""Person 1"",
""Good B"": ""Person 2"",
""Good C"": ""Person 3"",
""Good D"": ""Person 3"",
""Good E"": ""Person 3""
}",1,3,3,2,2
88,"{
""Good A"": ""Person 1"",
""Good B"": ""Person 2"",
""Good C"": ""Person 3"",
""Good D"": ""Person 3"",
""Good E"": ""Person 3""
}",1,2,3,2,3
89,"{
""Good A"": ""Person 1"",
""Good B"": ""Person 2"",
""Good C"": ""Person 3"",
""Good D"": ""Person 1"",
""Good E"": ""Person 2""
}",1,2,3,1,2
90,"{
""Good A"": ""Person 1"",
""Good B"": ""Person 2"",
""Good C"": ""Person 3"",
""Good D"": ""Person 2"",
""Good E"": ""Person 3""
}",1,2,3,2,3
91,"{
""Good A"": ""Person 1"",
""Good B"": ""Person 3"",
""Good C"": ""Person 3"",
""Good D"": ""Person 1"",
""Good E"": ""Person 3""
}",1,2,3,2,3
92,"{
""Good A"": ""Person 1"",
""Good B"": ""Person 2"",
""Good C"": ""Person 2"",
""Good D"": ""Person 2"",
""Good E"": ""Person 2""
}",1,3,2,2,2
93,"{
""Good A"": ""Person 1"",
""Good B"": ""Person 3"",
""Good C"": ""Person 3"",
""Good D"": ""Person 1"",
""Good E"": ""Person 3""
}",1,3,2,3,2
94,"{
""Good A"": ""Person 1"",
""Good B"": ""Person 3"",
""Good C"": ""Person 3"",
""Good D"": ""Person 2"",
""Good E"": ""Person 2""
}",1,3,3,2,2
95,"{
""Good A"": ""Person 1"",
""Good B"": ""Person 3"",
""Good C"": ""Person 3"",
""Good D"": ""Person 1"",
""Good E"": ""Person 3""
}",1,2,3,1,3
96,"{
""Good A"": ""Person 1"",
""Good B"": ""Person 3"",
""Good C"": ""Person 3"",
""Good D"": ""Person 2"",
""Good E"": ""Person 2""
}",1,2,3,2,3
97,"{
""Good A"": ""Person 1"",
""Good B"": ""Person 2"",
""Good C"": ""Person 2"",
""Good D"": ""Person 3"",
""Good E"": ""Person 2""
}",1,3,3,2,2
98,"{
""Good A"": ""Person 1"",
""Good B"": ""Person 2"",
""Good C"": ""Person 3"",
""Good D"": ""Person 2"",
""Good E"": ""Person 3""
}",1,3,2,3,2
99,"{
""Good A"": ""Person 1"",
""Good B"": ""Person 3"",
""Good C"": ""Person 3"",
""Good D"": ""Person 1"",
""Good E"": ""Person 3""
}",1,2,3,2,3
